A = [0 0 4 3; 7 1 8 3; 6 7 3 6 ;5 2 8 4];

C = [ 2 1 3 0; 0 1 2 3; 3 4 2 0; 4 2 0 1;];%matriz invertivel

D = [0 1 2 3; 2 1 3 0; 3 4 2 0; 4 2 0 1];%matriz invertivel que precisa permutar linhas

A7 = [1 2 3; 4 5 6; 7 8 9];

A8 = [2 1 3 0; 0 1 2 3; 3 4 2 0; 4 2 0 1];

A9 = [1 0 3; 4 0 6; 7 0 9];